100, 0.000474798, 357.66, 899.08
200, 0.000962096, 761.88, 1946.26
300, 0.00148842, 1199.84, 3072.66
400, 0.00209481, 1635.98, 4210.6
500, 0.00267289, 2084.86, 5378.24
600, 0.00302715, 2502.34, 6479.14
700, 0.00375012, 3016.4, 7811.38
800, 0.0042941, 3444.66, 8919.14
900, 0.00494347, 3965.46, 10275.4
1000, 0.00521753, 4373.46, 11335.4
1100, 0.006746, 4976.36, 12909.2
1200, 0.00658191, 5291.08, 13749.7
1300, 0.00711737, 5854.92, 15238.4
1400, 0.00737047, 6330.52, 16475
1500, 0.00787162, 6810.78, 17721.8
1600, 0.00842291, 7269.86, 18907.4
1700, 0.00910815, 7761.5, 20207.4
1800, 0.0095187, 8229.12, 21416.1
1900, 0.0099782, 8698.98, 22712.5
2000, 0.0106381, 9286.28, 24195.8
2100, 0.0112754, 9764.84, 25451.1
2200, 0.0122632, 10286.1, 26811
2300, 0.013944, 10769.6, 28078.2
2400, 0.0134741, 11068.9, 28902.3
2500, 0.0135797, 11494.1, 30000.3
2600, 0.0142909, 12239.4, 31945.1
2700, 0.0153538, 12691.2, 33154.9
2800, 0.0158469, 13303.8, 34702.4
2900, 0.0157559, 13470, 35191.9
3000, 0.0166844, 14223.3, 37140
3100, 0.0169068, 14579.1, 38113.2
3200, 0.0173969, 15284.3, 39913.7
3300, 0.0180673, 15568.6, 40668.3
3400, 0.0186703, 16246.9, 42439.9
3500, 0.0191005, 16715.8, 43723.2
3600, 0.0190551, 17050.4, 44555.6
3700, 0.0200846, 17645.3, 46123.8
3800, 0.0202984, 17878.8, 46819.1
3900, 0.0216718, 18715.6, 48980.4
4000, 0.0216412, 19190.8, 50186.8
4100, 0.0218221, 19695.2, 51525.2
4200, 0.0233913, 20223.6, 52926
4300, 0.0226795, 20529.7, 53689.1
4400, 0.023685, 21198.8, 55429.1
4500, 0.0256874, 21724.3, 56817
4600, 0.0253134, 22361.5, 58506.7
4700, 0.0257459, 22846.4, 59769.5
4800, 0.0277407, 23281.1, 60916.2
4900, 0.0274799, 23775.9, 62244.3
5000, 0.0283173, 24196.5, 63376.1
5100, 0.0286087, 24864.3, 65103.9
5200, 0.0290063, 25083.3, 65718.1
5300, 0.0286711, 25755.1, 67479.4
5400, 0.0288126, 26376.5, 69132.6
5500, 0.0309548, 26889.1, 70491.6
5600, 0.0309602, 27485.1, 72020.8
5700, 0.0311345, 27899.3, 73115.3
5800, 0.0329957, 28036.3, 73480.9
5900, 0.0338626, 28905.2, 75745.5
6000, 0.0341744, 29428.7, 77142.9
6100, 0.0355727, 29609, 77604.7
6200, 0.0352682, 30348.4, 79508.9
6300, 0.0353163, 30646.1, 80319.9
6400, 0.0357009, 31474.6, 82508.4
6500, 0.0360384, 31766.4, 83278.9
6600, 0.0364523, 32578.8, 85358.8
6700, 0.0391886, 32798.4, 85988.1
6800, 0.0383278, 33529.9, 87875
6900, 0.0400867, 33976.9, 88955.2
7000, 0.0453892, 34680, 90955.3
7100, 0.045429, 34956.7, 91658.8
7200, 0.047455, 35580.2, 93307.1
7300, 0.0440111, 35990.1, 94369
7400, 0.0451635, 36592.1, 95971
7500, 0.0429694, 36730.3, 96412.2
7600, 0.0439996, 37392.2, 98082.8
7700, 0.0441826, 38214.6, 100213
7800, 0.0436717, 38387, 100753
7900, 0.044594, 39377.6, 103335
8000, 0.0484715, 39637, 103994
8100, 0.0481177, 39976.3, 104872
8200, 0.0504567, 40696.5, 106794
8300, 0.0540803, 41516.2, 108969
8400, 0.0534818, 42006.1, 110222
8500, 0.056603, 41842.3, 109824
8600, 0.056458, 42917.1, 112614
8700, 0.0572233, 43414.7, 113885
8800, 0.0548133, 43845, 115069
8900, 0.056219, 44133.3, 115810
9000, 0.0582584, 44856, 117684
9100, 0.0560919, 45471.7, 119255
9200, 0.0600591, 45692.2, 119930
9300, 0.0569046, 46608.4, 122270
9400, 0.0565735, 47022.8, 123445
9500, 0.0610817, 47522.3, 124764
9600, 0.0579191, 47905.9, 125762
9700, 0.0569991, 48279.8, 126774
9800, 0.0580146, 48929.3, 128493
9900, 0.0562789, 49116.7, 128959
10000, 0.0599724, 50114.9, 131628
10100, 0.0645848, 50720.2, 133187
10200, 0.0650269, 51253.5, 134622
10300, 0.0626325, 51712, 135802
10400, 0.0616938, 51994.9, 136528
10500, 0.068182, 52644.6, 138304
10600, 0.0681082, 53196.4, 139761
10700, 0.0657243, 53888.9, 141571
10800, 0.0664282, 54218.2, 142401
10900, 0.0689815, 54771.4, 143921
11000, 0.0645476, 55059.7, 144632
11100, 0.0681144, 55483.3, 145834
11200, 0.0706603, 56263.1, 147880
11300, 0.076733, 56264.8, 147895
11400, 0.0740293, 57316.8, 150599
11500, 0.0751726, 57508, 151134
11600, 0.0756352, 57881.1, 152101
11700, 0.0743561, 58975.3, 154944
11800, 0.0732152, 59608.8, 156547
11900, 0.0703199, 60084.3, 157923
12000, 0.0701643, 60699.5, 159503
12100, 0.0733375, 61107, 160546
12200, 0.0714433, 61006, 160357
12300, 0.0724093, 62129.3, 163270
12400, 0.0724328, 62806, 165012
12500, 0.0715737, 62772.7, 165011
12600, 0.0733366, 63318.3, 166407
12700, 0.0788979, 63431.1, 166756
12800, 0.0765589, 64644.1, 169912
12900, 0.0750281, 65161.8, 171254
13000, 0.0816626, 65640.6, 172533
13100, 0.080486, 66399.1, 174530
13200, 0.0778276, 66636.9, 175173
13300, 0.0849744, 67611.7, 177670
13400, 0.0782681, 67897.2, 178413
13500, 0.0814842, 67771.1, 178211
13600, 0.0804344, 69007.2, 181307
13700, 0.088122, 69362.3, 182336
13800, 0.080679, 69771.4, 183402
13900, 0.0817136, 70596.4, 185628
14000, 0.0837022, 71463.5, 187851
14100, 0.0843861, 71123.1, 187009
14200, 0.0860752, 72080.4, 189424
14300, 0.0849131, 72434.7, 190519
14400, 0.0832214, 73300.7, 192740
14500, 0.084034, 73816.5, 194065
14600, 0.0969878, 74613.6, 196205
14700, 0.0864886, 74312.8, 195374
14800, 0.0876997, 74566.2, 196097
14900, 0.0866286, 75858.5, 199491
15000, 0.0961944, 76253.3, 200492
15100, 0.0893667, 76953.7, 202398
15200, 0.0998096, 77409.8, 203626
15300, 0.0923256, 77644.8, 204208
15400, 0.0910378, 77673.5, 204380
15500, 0.0896985, 78499.3, 206562
15600, 0.0932242, 79365.8, 208832
15700, 0.0907442, 79840.1, 210078
15800, 0.0916578, 79996.9, 210500
15900, 0.0936197, 80473.1, 211730
16000, 0.0974624, 81301.1, 213853
16100, 0.0950084, 81016.6, 213154
16200, 0.0965102, 82941.6, 218235
16300, 0.0948404, 83134.9, 218701
16400, 0.0945561, 83494.7, 219724
16500, 0.0995787, 84312.6, 221749
16600, 0.0995316, 84254, 221702
16700, 0.105064, 85326.2, 224507
16800, 0.099572, 85609.4, 225208
16900, 0.0985642, 86650.6, 228007
17000, 0.0996687, 86985.7, 228835
17100, 0.0995334, 86905.8, 228678
17200, 0.100814, 87799.3, 231062
17300, 0.101385, 88538.1, 232974
17400, 0.102071, 88781.4, 233655
17500, 0.103211, 89869.8, 236394
17600, 0.102226, 90559.4, 238196
17700, 0.109506, 90818.2, 238869
17800, 0.112346, 90937.3, 239173
17900, 0.111944, 90952, 239349
18000, 0.111521, 92349.8, 242961
18100, 0.120416, 93353.6, 245563
18200, 0.117656, 92797.8, 244277
18300, 0.116007, 93889.8, 247057
18400, 0.109831, 94417, 248324
18500, 0.110362, 94892, 249591
18600, 0.110226, 95704.4, 251829
18700, 0.106236, 94437, 248673
18800, 0.109895, 96544, 254048
18900, 0.110283, 96793.5, 254715
19000, 0.112889, 97852.1, 257415
19100, 0.110648, 97834.3, 257482
19200, 0.111933, 98401.3, 258934
19300, 0.113204, 98904.3, 260263
19400, 0.11469, 99159.8, 260948
19500, 0.112431, 99555.2, 262050
19600, 0.114383, 101370, 266734
19700, 0.115394, 101420, 266931
19800, 0.116763, 102166, 268902
19900, 0.11861, 102829, 270648
20000, 0.115135, 101963, 268387
20100, 0.117544, 103332, 271925
20200, 0.119028, 103537, 272519
20300, 0.117563, 104057, 273905
20400, 0.118171, 104436, 274918
20500, 0.12416, 105426, 277482
20600, 0.135477, 106578, 280580
20700, 0.135699, 105834, 278680
20800, 0.13177, 106575, 280594
20900, 0.131537, 107213, 282313
21000, 0.129258, 107921, 284218
21100, 0.127455, 108987, 287026
21200, 0.130411, 109142, 287401
21300, 0.130779, 109482, 288320
21400, 0.13331, 109558, 288575
21500, 0.129259, 110398, 290712
21600, 0.132846, 111618, 293879
21700, 0.132695, 110993, 292379
21800, 0.132348, 112520, 296250
21900, 0.137952, 112700, 296770
22000, 0.146525, 113749, 299538
22100, 0.143622, 113990, 300164
22200, 0.141044, 114651, 301906
22300, 0.139226, 114518, 301600
22400, 0.145549, 115971, 305467
22500, 0.139867, 115273, 303610
22600, 0.138436, 116644, 307228
22700, 0.145424, 117153, 308541
22800, 0.13726, 116821, 307687
22900, 0.135652, 118245, 311428
23000, 0.135345, 117633, 309940
23100, 0.136319, 119834, 315556
23200, 0.135756, 120479, 317336
23300, 0.137864, 120044, 316246
23400, 0.144653, 120443, 317274
23500, 0.151855, 121479, 319829
23600, 0.146875, 122184, 321839
23700, 0.138554, 122279, 321979
23800, 0.156564, 122722, 323273
23900, 0.142763, 123871, 326281
24000, 0.157213, 124065, 326842
24100, 0.144734, 123889, 326237
24200, 0.149075, 125591, 330849
24300, 0.14391, 125667, 331063
24400, 0.144969, 125917, 331659
24500, 0.146456, 126529, 333298
24600, 0.14302, 126826, 334013
24700, 0.160204, 127604, 336137
24800, 0.154992, 128156, 337495
24900, 0.155087, 129259, 340497
25000, 0.164332, 129378, 340822
25100, 0.160542, 130274, 343147
25200, 0.152942, 130415, 343502
25300, 0.1633, 130762, 344616
25400, 0.15427, 131201, 345585
25500, 0.150974, 131804, 347357
25600, 0.158561, 131812, 347272
25700, 0.156725, 133294, 351059
25800, 0.162682, 134492, 354291
25900, 0.165659, 133942, 352788
26000, 0.168896, 135317, 356345
26100, 0.164938, 135386, 356630
26200, 0.160329, 136298, 359064
26300, 0.162041, 136806, 360328
26400, 0.171765, 136849, 360494
26500, 0.163739, 136457, 359366
26600, 0.162312, 137769, 362916
26700, 0.156989, 137702, 362786
26800, 0.167129, 139445, 367323
26900, 0.174554, 139306, 366955
27000, 0.163708, 140361, 369677
27100, 0.161303, 139329, 367062
27200, 0.165403, 141386, 372490
27300, 0.160441, 140747, 370733
27400, 0.16499, 142430, 375201
27500, 0.168375, 142605, 375768
27600, 0.164883, 142207, 374643
27700, 0.169757, 143617, 378427
27800, 0.16816, 144732, 381254
27900, 0.17243, 144864, 381585
28000, 0.179686, 145410, 383119
28100, 0.16988, 146569, 386145
28200, 0.169098, 146148, 385002
28300, 0.164929, 146790, 386811
28400, 0.170087, 147682, 389087
28500, 0.172818, 148910, 392402
28600, 0.167612, 148495, 391269
28700, 0.171458, 149146, 392952
28800, 0.167925, 148561, 391662
28900, 0.174642, 150411, 396256
29000, 0.171526, 150630, 396928
29100, 0.1703, 151132, 398256
29200, 0.172688, 151697, 399721
29300, 0.174638, 153161, 403537
29400, 0.173447, 152962, 403070
29500, 0.176329, 152705, 402433
29600, 0.17284, 154197, 406296
29700, 0.174423, 153482, 404464
29800, 0.178528, 155297, 409317
29900, 0.178469, 155718, 410306
30000, 0.186123, 155670, 410395
30100, 0.20224, 156883, 413509
30200, 0.189027, 157679, 415622
30300, 0.180899, 157532, 415229
30400, 0.183552, 157529, 415136
30500, 0.190256, 158687, 418212
30600, 0.185523, 159029, 419065
30700, 0.197634, 159340, 420056
30800, 0.197297, 159008, 419083
30900, 0.188501, 160800, 423825
31000, 0.188782, 161787, 426581
31100, 0.192153, 161868, 426664
31200, 0.191006, 161661, 426155
31300, 0.189076, 163195, 430149
31400, 0.193303, 163958, 432218
31500, 0.198579, 164443, 433630
31600, 0.198305, 164737, 434453
31700, 0.205097, 164389, 433427
31800, 0.202331, 165684, 436802
31900, 0.199236, 166656, 439449
32000, 0.19945, 165624, 436644
32100, 0.201587, 167292, 441040
32200, 0.195045, 167217, 440926
32300, 0.19518, 168268, 443583
32400, 0.197882, 169379, 446567
32500, 0.202696, 170129, 448567
32600, 0.201093, 170794, 450275
32700, 0.200431, 171195, 451218
32800, 0.213925, 171259, 451471
32900, 0.208264, 171632, 452516
33000, 0.204914, 173284, 456790
33100, 0.20091, 171921, 453360
33200, 0.20756, 173523, 457388
33300, 0.205651, 174235, 459444
33400, 0.20217, 174834, 460890
33500, 0.210339, 174493, 460075
33600, 0.218734, 174913, 461266
33700, 0.207835, 175519, 462721
33800, 0.208273, 175944, 463758
33900, 0.212851, 177270, 467405
34000, 0.216289, 177581, 468117
34100, 0.219536, 178938, 471829
34200, 0.206686, 177857, 468856
34300, 0.213213, 179665, 473633
34400, 0.20888, 178758, 471158
34500, 0.215642, 178717, 471249
34600, 0.214045, 181189, 477750
34700, 0.209393, 181545, 478636
34800, 0.218712, 181219, 477744
34900, 0.22093, 182818, 481992
35000, 0.212004, 183435, 483565
35100, 0.213445, 183369, 483381
35200, 0.213725, 184050, 485346
35300, 0.217165, 184656, 486934
35400, 0.217155, 185294, 488610
35500, 0.215001, 185337, 488528
35600, 0.219535, 186688, 492251
35700, 0.230141, 186272, 491110
35800, 0.220566, 187034, 493116
35900, 0.221847, 187659, 494698
36000, 0.220629, 188742, 497541
36100, 0.221652, 189222, 498988
36200, 0.221614, 189604, 499957
36300, 0.220464, 190298, 501642
36400, 0.216552, 189084, 498536
36500, 0.234228, 191284, 504306
36600, 0.241471, 192664, 507788
36700, 0.239164, 190925, 503464
36800, 0.239445, 192285, 507135
36900, 0.233713, 191987, 506229
37000, 0.228285, 193928, 511294
37100, 0.221736, 193194, 509380
37200, 0.233222, 194591, 512985
37300, 0.231928, 195461, 515448
37400, 0.226083, 196894, 518973
37500, 0.234675, 196842, 518928
37600, 0.237033, 196180, 517350
37700, 0.230322, 197293, 520095
37800, 0.226653, 196795, 519054
37900, 0.229725, 198648, 523685
38000, 0.22834, 198494, 523349
38100, 0.229577, 199249, 525367
38200, 0.229825, 198732, 523988
38300, 0.231808, 200835, 529619
38400, 0.235453, 202076, 532925
38500, 0.255201, 202260, 533177
38600, 0.246333, 203206, 535849
38700, 0.252534, 203280, 536077
38800, 0.242988, 203889, 537681
38900, 0.250736, 204018, 537982
39000, 0.235658, 204453, 539233
39100, 0.233294, 204603, 539470
39200, 0.235933, 205919, 542972
39300, 0.239394, 206901, 545574
39400, 0.233273, 206339, 544106
39500, 0.238022, 206720, 545097
39600, 0.237727, 207944, 548364
39700, 0.239085, 207586, 547581
39800, 0.239495, 209745, 553165
39900, 0.237266, 209783, 553224
40000, 0.240711, 209569, 552745
40100, 0.239002, 210058, 553979
40200, 0.237473, 210148, 554207
40300, 0.248329, 212216, 559704
40400, 0.243212, 211633, 558284
40500, 0.242807, 213636, 563412
40600, 0.244997, 213187, 562338
40700, 0.242503, 214112, 564680
40800, 0.241887, 213683, 563471
40900, 0.242792, 214334, 565394
41000, 0.244128, 215012, 567021
41100, 0.246347, 216752, 571688
41200, 0.242837, 216941, 572229
41300, 0.244972, 216164, 570205
41400, 0.245192, 217607, 573943
41500, 0.252498, 218548, 576347
41600, 0.247449, 218451, 576348
41700, 0.249052, 219512, 579040
41800, 0.258297, 220211, 580795
41900, 0.250892, 220682, 582077
42000, 0.252488, 219445, 579114
42100, 0.250997, 222067, 585696
42200, 0.251041, 220022, 580404
42300, 0.254194, 222874, 587954
42400, 0.251416, 222944, 588176
42500, 0.256918, 221781, 585211
42600, 0.250083, 221415, 584228
42700, 0.255967, 224352, 591907
42800, 0.254996, 225549, 594977
42900, 0.26722, 226431, 597241
43000, 0.279468, 227252, 599504
43100, 0.269149, 226138, 596708
43200, 0.265456, 227122, 599267
43300, 0.280259, 228117, 601753
43400, 0.258823, 227655, 600653
43500, 0.2582, 226928, 598803
43600, 0.262913, 229260, 604809
43700, 0.2596, 227877, 601120
43800, 0.262315, 228963, 604085
43900, 0.272453, 228803, 603631
44000, 0.291593, 232251, 612787
44100, 0.280376, 232840, 614069
44200, 0.282933, 233423, 615792
44300, 0.284177, 232929, 614638
44400, 0.278431, 233586, 616406
44500, 0.276001, 234911, 619830
44600, 0.271494, 235719, 621924
44700, 0.269037, 235056, 620291
44800, 0.285164, 235330, 620959
44900, 0.272647, 236674, 624317
45000, 0.269269, 237104, 625569
45100, 0.270565, 237110, 625705
45200, 0.28676, 236685, 624471
45300, 0.285476, 237670, 627216
45400, 0.279063, 238178, 628614
45500, 0.289264, 240121, 633669
45600, 0.273166, 239567, 632193
45700, 0.27367, 240992, 635916
45800, 0.274939, 240444, 634515
45900, 0.271936, 242151, 638856
46000, 0.275825, 242021, 638587
46100, 0.2748, 242317, 639429
46200, 0.274568, 244076, 644083
46300, 0.279646, 243950, 643840
46400, 0.278751, 244258, 644609
46500, 0.278597, 245240, 647146
46600, 0.293807, 245158, 647007
46700, 0.299891, 246175, 649598
46800, 0.28267, 247015, 651889
46900, 0.283989, 247211, 652157
47000, 0.282015, 247541, 653308
47100, 0.277992, 247965, 654559
47200, 0.287423, 246822, 651418
47300, 0.285263, 248647, 656126
47400, 0.284705, 250673, 661354
47500, 0.289846, 250436, 660830
47600, 0.284052, 250011, 659977
47700, 0.282525, 249625, 658795
47800, 0.28913, 251922, 664720
47900, 0.288951, 252617, 666568
48000, 0.286164, 252776, 667105
48100, 0.290122, 253768, 669753
48200, 0.288148, 255246, 673580
48300, 0.286932, 253926, 670162
48400, 0.29788, 255602, 674507
48500, 0.296141, 255604, 674566
48600, 0.294239, 256789, 677788
48700, 0.298528, 257315, 679042
48800, 0.289787, 256498, 677028
48900, 0.293957, 258135, 681209
49000, 0.293615, 257435, 679508
49100, 0.29023, 257861, 680512
49200, 0.292066, 259061, 683731
49300, 0.294286, 259094, 683491
49400, 0.295778, 261936, 691328
49500, 0.29509, 262351, 692374
49600, 0.298891, 262598, 693093
49700, 0.296561, 262081, 691579
49800, 0.302956, 263473, 695267
49900, 0.305203, 262957, 693957
50000, 0.302913, 263870, 696309

