100, 0.000377577, 365.64, 792.42
200, 0.000724421, 785.46, 1711.5
300, 0.00116592, 1252.26, 2724.62
400, 0.00162185, 1711.18, 3722.24
500, 0.00189571, 2130, 4645.5
600, 0.00231263, 2617.52, 5705.54
700, 0.00265542, 3049.74, 6644.46
800, 0.00306979, 3478.92, 7600.82
900, 0.00342859, 3932.7, 8584.16
1000, 0.00367115, 4411.3, 9646.92
1100, 0.00447342, 4918.08, 10734.9
1200, 0.00450444, 5385.1, 11761.5
1300, 0.00486939, 5875.92, 12833.4
1400, 0.00523806, 6318.34, 13786.7
1500, 0.00547727, 6730.14, 14690.5
1600, 0.00585854, 7232.9, 15801.3
1700, 0.00626096, 7716.44, 16868.3
1800, 0.00663144, 8226.68, 17980.5
1900, 0.00704886, 8592.4, 18776.6
2000, 0.00735819, 9136.68, 19977.7
2100, 0.00773578, 9654.28, 21093.9
2200, 0.00849898, 9995.98, 21860.6
2300, 0.00858671, 10489.6, 22947.8
2400, 0.00866533, 10994.2, 24026.5
2500, 0.00900568, 11432.6, 25011.2
2600, 0.0093496, 11917.2, 26094.1
2700, 0.00966958, 12365.9, 27052.6
2800, 0.0102878, 12922.9, 28299.5
2900, 0.0106304, 13391.3, 29295.8
3000, 0.0122886, 13845.2, 30268
3100, 0.0116394, 14367.2, 31478.8
3200, 0.0118232, 14678.5, 32133
3300, 0.0121654, 15334.7, 33561.8
3400, 0.0122111, 15674.8, 34296.7
3500, 0.0126755, 16307.3, 35705.1
3600, 0.0131285, 16746.4, 36655.5
3700, 0.0134382, 16986.7, 37190.3
3800, 0.0137607, 17693.7, 38724.1
3900, 0.0143481, 18118.4, 39654.7
4000, 0.0146701, 18521.1, 40537.6
4100, 0.0147554, 18940.5, 41493.1
4200, 0.0154222, 19456.7, 42643.6
4300, 0.0160268, 20061, 43918.2
4400, 0.0171296, 20524.3, 44964.7
4500, 0.017717, 21007.4, 45989.2
4600, 0.0169288, 21430.8, 46945.2
4700, 0.0175152, 22050.8, 48316.4
4800, 0.0177748, 22412.5, 49074.8
4900, 0.0184304, 22931.2, 50206.2
5000, 0.0198559, 23372.9, 51202.1
5100, 0.0194233, 23829.4, 52196
5200, 0.0190656, 24317.6, 53278.2
5300, 0.0194839, 24730.2, 54145
5400, 0.0196824, 25402.9, 55671.8
5500, 0.0199179, 25650, 56187
5600, 0.0208053, 26119.7, 57236.9
5700, 0.0223777, 26811.8, 58762.3
5800, 0.0254203, 27155.5, 59496.3
5900, 0.0251256, 27796.9, 60948.8
6000, 0.0246224, 28219.9, 61855.2
6100, 0.0241632, 28804.4, 63116.4
6200, 0.0242536, 29344.1, 64290.1
6300, 0.0247205, 29732.5, 65128.7
6400, 0.0246007, 30272.6, 66276.9
6500, 0.0239853, 30711.7, 67279.6
6600, 0.0247933, 31300, 68538
6700, 0.0259253, 31609.5, 69263.1
6800, 0.0259299, 31960.8, 70029.6
6900, 0.0263978, 32599, 71419.8
7000, 0.0286577, 32869.2, 72006.7
7100, 0.0274199, 33431, 73220.4
7200, 0.0274124, 33995.8, 74508.3
7300, 0.0275612, 34518.3, 75641.9
7400, 0.0272134, 34917.3, 76500.4
7500, 0.0273803, 35384.4, 77555.2
7600, 0.0290349, 36001.8, 78914.4
7700, 0.0299046, 36361.2, 79660.2
7800, 0.0294707, 36929.2, 80920.9
7900, 0.0296647, 37287.7, 81722.5
8000, 0.0319882, 37807, 82815.9
8100, 0.0384696, 38361, 84081.3
8200, 0.0373926, 38946.5, 85381.1
8300, 0.0321672, 38878.2, 85250.4
8400, 0.0314158, 39619.3, 86935.1
8500, 0.0316769, 40091.8, 87888.8
8600, 0.0327248, 40765.9, 89370.8
8700, 0.0324744, 41345.8, 90616.3
8800, 0.035268, 41568.3, 91149.5
8900, 0.0341685, 42298.1, 92714.6
9000, 0.0340868, 42606.9, 93363.9
9100, 0.0375241, 43056.1, 94358.9
9200, 0.0405905, 43565.8, 95522.2
9300, 0.0379667, 44106.9, 96761.6
9400, 0.0390538, 43983.7, 96489.9
9500, 0.0392431, 44940.6, 98525.7
9600, 0.0369177, 45370.7, 99483
9700, 0.0381068, 46100.8, 101051
9800, 0.0396604, 46318.1, 101525
9900, 0.0387306, 47065.2, 103176
10000, 0.0382815, 47475, 104067
10100, 0.0387118, 48099, 105500
10200, 0.0380058, 48637, 106586
10300, 0.0438658, 49089.3, 107622
10400, 0.0413124, 49406.7, 108322
10500, 0.0404716, 49921.7, 109474
10600, 0.0406526, 50337.9, 110379
10700, 0.0412293, 50956.2, 111748
10800, 0.0417811, 51461.6, 112877
10900, 0.0406166, 51818, 113565
11000, 0.040129, 52382.3, 114833
11100, 0.040101, 52812.1, 115791
11200, 0.0432687, 53471.2, 117259
11300, 0.0417132, 53644.2, 117655
11400, 0.0422822, 54356, 119276
11500, 0.0431209, 54804, 120198
11600, 0.0438702, 55385.2, 121434
11700, 0.0427256, 55719.1, 122219
11800, 0.0420647, 56106, 123030
11900, 0.0438288, 56724.3, 124387
12000, 0.0433896, 57171.7, 125345
12100, 0.0443449, 57545.5, 126214
12200, 0.0433218, 57766.2, 126681
12300, 0.0460209, 58270.7, 127850
12400, 0.0446744, 58904.4, 129175
12500, 0.0461194, 59333.3, 130172
12600, 0.0459625, 60288.2, 132199
12700, 0.0452932, 60520.9, 132717
12800, 0.0457778, 61340.1, 134461
12900, 0.0462706, 61519.9, 134897
13000, 0.0479821, 61714.8, 135329
13100, 0.0477793, 62684, 137521
13200, 0.0481185, 62943, 138044
13300, 0.0491047, 63643.1, 139560
13400, 0.0484135, 64050.9, 140465
13500, 0.0500116, 64468.3, 141316
13600, 0.0508131, 65001.5, 142553
13700, 0.0504466, 65540.4, 143724
13800, 0.049685, 66014.2, 144758
13900, 0.0517161, 66454.3, 145725
14000, 0.0500468, 66859.1, 146737
14100, 0.0500873, 66816.5, 146598
14200, 0.0515613, 67825.4, 148763
14300, 0.0603387, 68379, 149971
14400, 0.0553392, 68375.8, 150043
14500, 0.0552783, 69331.4, 152061
14600, 0.0554705, 69695.2, 152903
14700, 0.0602135, 70411.4, 154414
14800, 0.056794, 70825.2, 155347
14900, 0.0578602, 71195.8, 156146
15000, 0.06416, 71675.2, 157187
15100, 0.0632877, 71635.7, 157114
15200, 0.0589305, 72657.6, 159368
15300, 0.059678, 72953, 160033
15400, 0.062569, 73474, 161220
15500, 0.060441, 74236.4, 162766
15600, 0.0584108, 74664.2, 163758
15700, 0.0612009, 75089.1, 164757
15800, 0.0626826, 75560.5, 165689
15900, 0.0618691, 76082, 166818
16000, 0.060624, 76591.6, 167983
16100, 0.0591473, 76792, 168530
16200, 0.0608054, 77373.6, 169704
16300, 0.0652135, 77836.2, 170796
16400, 0.0646139, 78370.7, 171918
16500, 0.0647147, 78928.7, 173135
16600, 0.0627597, 79050.2, 173414
16700, 0.0638361, 79638.9, 174665
16800, 0.0617535, 80527.7, 176617
16900, 0.0640706, 80622.6, 176896
17000, 0.0627575, 81527.4, 178864
17100, 0.0640303, 81943.6, 179789
17200, 0.0703454, 82147.8, 180302
17300, 0.0745172, 82718.5, 181493
17400, 0.0726657, 83325.8, 182806
17500, 0.0682159, 83449.3, 183122
17600, 0.0733559, 84247.3, 184955
17700, 0.0697405, 84841.9, 186104
17800, 0.0678762, 84976.2, 186392
17900, 0.0649014, 85656.6, 187937
18000, 0.0666407, 86113.9, 188926
18100, 0.0684109, 86563.6, 189906
18200, 0.0701329, 87496, 192018
18300, 0.0715498, 87278.9, 191529
18400, 0.0699502, 88484.6, 194055
18500, 0.0689847, 88942.8, 195128
18600, 0.0667054, 89010.9, 195299
18700, 0.0685956, 89476.9, 196220
18800, 0.069199, 90278.3, 198061
18900, 0.0709743, 90020.2, 197475
19000, 0.0676441, 90366, 198370
19100, 0.0679122, 91467.2, 200676
19200, 0.0689172, 92163.6, 202296
19300, 0.0709197, 92624.5, 203259
19400, 0.0733018, 92904.1, 203874
19500, 0.0714849, 93539.7, 205286
19600, 0.0706367, 93276.3, 204658
19700, 0.0702517, 94499.1, 207293
19800, 0.0719564, 94554, 207435
19900, 0.0737788, 95081.9, 208702
20000, 0.0759644, 95750.7, 210051
20100, 0.0822663, 96461.6, 211710
20200, 0.078013, 96969.3, 212780
20300, 0.0760203, 97497.9, 213892
20400, 0.0758011, 98060.5, 215126
20500, 0.0768553, 98515.3, 216121
20600, 0.0796065, 99092.3, 217482
20700, 0.0790778, 99581.2, 218500
20800, 0.0775663, 99010, 217301
20900, 0.0767519, 100228, 219962
21000, 0.0767278, 101049, 221795
21100, 0.0789013, 101458, 222741
21200, 0.0781198, 101654, 223055
21300, 0.0783449, 102190, 224273
21400, 0.0902344, 102580, 225071
21500, 0.0849988, 103037, 226081
21600, 0.0831734, 104294, 228818
21700, 0.0875934, 103987, 228189
21800, 0.0829129, 104835, 230101
21900, 0.0836236, 105184, 230852
22000, 0.0829483, 105892, 232357
22100, 0.0807161, 106405, 233522
22200, 0.0825762, 106907, 234651
22300, 0.0854785, 107528, 235904
22400, 0.0835414, 107343, 235556
22500, 0.0830983, 107888, 236763
22600, 0.0813394, 108853, 238871
22700, 0.0830269, 108849, 238866
22800, 0.0862632, 109780, 240799
22900, 0.0851053, 110240, 242006
23000, 0.0841052, 110532, 242567
23100, 0.0828659, 110846, 243312
23200, 0.0859818, 111760, 245232
23300, 0.093622, 112040, 245874
23400, 0.0969147, 112466, 246820
23500, 0.0977161, 112627, 247175
23600, 0.0952387, 113552, 249231
23700, 0.0971182, 113695, 249507
23800, 0.094184, 114553, 251495
23900, 0.0947954, 115248, 252919
24000, 0.0930343, 115325, 253057
24100, 0.0955548, 116093, 254771
24200, 0.0976733, 116140, 254898
24300, 0.105053, 116899, 256596
24400, 0.103878, 117128, 256955
24500, 0.105794, 117773, 258578
24600, 0.107167, 118639, 260329
24700, 0.106332, 118731, 260686
24800, 0.104359, 119473, 262110
24900, 0.108112, 119758, 262907
25000, 0.106524, 120024, 263329
25100, 0.106364, 120714, 264903
25200, 0.105398, 121367, 266502
25300, 0.103707, 122124, 267903
25400, 0.103899, 122612, 269097
25500, 0.106586, 123017, 269888
25600, 0.10413, 123272, 270593
25700, 0.10199, 122261, 268324
25800, 0.10367, 124806, 273855
25900, 0.103799, 124003, 272192
26000, 0.0982744, 125073, 274566
26100, 0.0983278, 124813, 273912
26200, 0.114428, 126721, 278112
26300, 0.101667, 126232, 277098
26400, 0.102107, 127218, 279227
26500, 0.10183, 128109, 281191
26600, 0.100943, 128078, 281057
26700, 0.102738, 128646, 282333
26800, 0.105996, 128972, 283021
26900, 0.117151, 130099, 285474
27000, 0.117256, 130547, 286446
27100, 0.115544, 130440, 286289
27200, 0.115113, 130398, 286265
27300, 0.110066, 131332, 288243
27400, 0.106349, 131832, 289409
27500, 0.112379, 132162, 290081
27600, 0.115288, 133340, 292679
27700, 0.107958, 133327, 292711
27800, 0.11589, 134181, 294540
27900, 0.110766, 134518, 295297
28000, 0.111206, 134263, 294707
28100, 0.10958, 134843, 295971
28200, 0.108413, 135656, 297772
28300, 0.112608, 136797, 300167
28400, 0.112383, 136608, 299845
28500, 0.109734, 137880, 302607
28600, 0.106448, 137250, 301254
28700, 0.110599, 138355, 303763
28800, 0.109524, 138537, 304043
28900, 0.107817, 138700, 304345
29000, 0.109453, 139857, 306978
29100, 0.109479, 140260, 307901
29200, 0.111512, 140363, 308048
29300, 0.120002, 141699, 311034
29400, 0.118715, 142224, 312176
29500, 0.119184, 142254, 312246
29600, 0.113499, 142185, 312047
29700, 0.112644, 143259, 314469
29800, 0.111736, 144035, 316118
29900, 0.113098, 144450, 317123
30000, 0.112028, 144899, 318115
30100, 0.111531, 145381, 319082
30200, 0.112834, 145948, 320312
30300, 0.114974, 146279, 321094
30400, 0.112879, 146598, 321904
30500, 0.114103, 147393, 323517
30600, 0.115702, 147847, 324494
30700, 0.113523, 147896, 324514
30800, 0.114282, 148832, 326708
30900, 0.114882, 149512, 328051
31000, 0.116859, 149618, 328452
31100, 0.117092, 149915, 329057
31200, 0.115377, 150467, 330315
31300, 0.117876, 151491, 332512
31400, 0.11914, 151857, 333306
31500, 0.117132, 152416, 334507
31600, 0.119662, 152562, 334962
31700, 0.11785, 152793, 335381
31800, 0.118789, 153800, 337530
31900, 0.119224, 154222, 338494
32000, 0.121105, 154558, 339246
32100, 0.118801, 154661, 339421
32200, 0.119437, 155502, 341384
32300, 0.122514, 155768, 342009
32400, 0.119964, 156548, 343572
32500, 0.12188, 157231, 345152
32600, 0.124938, 157201, 345050
32700, 0.12219, 158074, 346970
32800, 0.12222, 157991, 346720
32900, 0.12665, 158651, 348210
33000, 0.122539, 159433, 349958
33100, 0.123032, 160033, 351288
33200, 0.129163, 159842, 350794
33300, 0.130244, 159934, 351077
33400, 0.12632, 160628, 352662
33500, 0.127104, 161962, 355492
33600, 0.129835, 162635, 356970
33700, 0.125042, 162872, 357594
33800, 0.127247, 163500, 358968
33900, 0.128165, 164375, 360877
34000, 0.125438, 163444, 358871
34100, 0.126939, 165048, 362300
34200, 0.130225, 165015, 362191
34300, 0.128253, 165701, 363812
34400, 0.127837, 165490, 363292
34500, 0.128493, 166516, 365560
34600, 0.127855, 166724, 366011
34700, 0.13274, 168010, 368841
34800, 0.131496, 168441, 369824
34900, 0.128585, 168523, 369931
35000, 0.13101, 169245, 371565
35100, 0.129892, 169038, 371076
35200, 0.130689, 169745, 372682
35300, 0.13239, 170223, 373799
35400, 0.136231, 171051, 375442
35500, 0.132592, 171804, 377300
35600, 0.134707, 172058, 377646
35700, 0.13256, 171752, 376958
35800, 0.133434, 172692, 379162
35900, 0.148465, 173646, 381170
36000, 0.15234, 174173, 382371
36100, 0.149693, 174582, 383326
36200, 0.153522, 175371, 384982
36300, 0.147408, 175652, 385607
36400, 0.150427, 176417, 387319
36500, 0.14464, 176607, 387584
36600, 0.147251, 176531, 387632
36700, 0.150678, 177267, 389036
36800, 0.146584, 178246, 391278
36900, 0.153588, 178114, 390939
37000, 0.145975, 179412, 393915
37100, 0.146671, 178573, 392027
37200, 0.151025, 180182, 395564
37300, 0.153323, 180584, 396429
37400, 0.146559, 180991, 397359
37500, 0.143823, 181659, 398930
37600, 0.143169, 181499, 398574
37700, 0.144726, 182551, 400682
37800, 0.146093, 183218, 402219
37900, 0.145313, 182953, 401696
38000, 0.145038, 183758, 403404
38100, 0.154171, 184683, 405438
38200, 0.15945, 184724, 405602
38300, 0.153495, 185556, 407300
38400, 0.148233, 185230, 406666
38500, 0.153048, 185722, 407733
38600, 0.157957, 186976, 410460
38700, 0.157137, 187646, 411967
38800, 0.15523, 187660, 411998
38900, 0.149575, 188334, 413438
39000, 0.155816, 188892, 414709
39100, 0.150637, 189247, 415385
39200, 0.149516, 189703, 416503
39300, 0.149713, 189692, 416494
39400, 0.149051, 190978, 419213
39500, 0.152365, 190825, 419063
39600, 0.1499, 190930, 419237
39700, 0.150982, 192370, 422234
39800, 0.15845, 193014, 423825
39900, 0.153388, 193491, 424827
40000, 0.162662, 193475, 424902
40100, 0.153485, 194087, 426214
40200, 0.15366, 194659, 427357
40300, 0.162868, 195639, 429533
40400, 0.155709, 195792, 429926
40500, 0.158871, 196214, 430882
40600, 0.15371, 195790, 429999
40700, 0.157374, 197282, 433053
40800, 0.157339, 197734, 434192
40900, 0.156182, 198270, 435293
41000, 0.159649, 199295, 437511
41100, 0.159296, 199569, 438208
41200, 0.159497, 199502, 437964
41300, 0.159602, 199903, 438984
41400, 0.158738, 199654, 438322
41500, 0.159551, 201168, 441771
41600, 0.171821, 201180, 441890
41700, 0.169206, 201532, 442437
41800, 0.166402, 202674, 445019
41900, 0.177136, 203102, 445862
42000, 0.18359, 204007, 447810
42100, 0.176646, 204058, 448052
42200, 0.177382, 204018, 447935
42300, 0.17512, 204852, 449667
42400, 0.177714, 205701, 451693
42500, 0.177441, 205570, 451366
42600, 0.167787, 206210, 452780
42700, 0.180128, 207253, 455035
42800, 0.169076, 206366, 453114
42900, 0.180847, 207761, 456255
43000, 0.179198, 208281, 457246
43100, 0.169341, 209075, 459083
43200, 0.171383, 209670, 460367
43300, 0.164784, 209241, 459476
43400, 0.167923, 210579, 462371
43500, 0.163902, 210837, 462941
43600, 0.169273, 211548, 464472
43700, 0.182849, 211526, 464421
43800, 0.18503, 211241, 463918
43900, 0.169975, 212635, 466998
44000, 0.165849, 213041, 467795
44100, 0.167721, 213451, 468759
44200, 0.167035, 212935, 467543
44300, 0.16841, 214679, 471380
44400, 0.171191, 215596, 473292
44500, 0.171598, 215447, 473089
44600, 0.168482, 216584, 475518
44700, 0.16761, 215679, 473662
44800, 0.167787, 217373, 477264
44900, 0.167276, 217960, 478614
45000, 0.170101, 217680, 478015
45100, 0.168678, 218840, 480519
45200, 0.170725, 218879, 480563
45300, 0.1687, 220078, 483163
45400, 0.169496, 218983, 480879
45500, 0.171178, 220657, 484476
45600, 0.170538, 220726, 484586
45700, 0.171484, 220738, 484730
45800, 0.169125, 221527, 486528
45900, 0.173914, 222201, 487873
46000, 0.171525, 222247, 488057
46100, 0.17369, 223560, 490878
46200, 0.171918, 223798, 491432
46300, 0.17495, 224164, 492144
46400, 0.174959, 224586, 493199
46500, 0.17324, 225240, 494543
46600, 0.174413, 225724, 495553
46700, 0.173235, 226813, 497932
46800, 0.175434, 227118, 498775
46900, 0.174744, 226932, 498299
47000, 0.177232, 228047, 500724
47100, 0.176477, 228816, 502543
47200, 0.176706, 229496, 503924
47300, 0.17917, 229387, 503589
47400, 0.18729, 230065, 505075
47500, 0.177319, 230362, 505880
47600, 0.176534, 230550, 506202
47700, 0.185076, 231445, 508137
47800, 0.17668, 231165, 507713
47900, 0.178454, 231643, 508701
48000, 0.178135, 233434, 512664
48100, 0.181901, 234037, 513844
48200, 0.17912, 233288, 512110
48300, 0.180775, 233914, 513570
48400, 0.180974, 234319, 514439
48500, 0.18209, 234633, 515179
48600, 0.182618, 236078, 518336
48700, 0.180811, 236879, 520135
48800, 0.182048, 236354, 518842
48900, 0.182671, 237795, 522076
49000, 0.1832, 238233, 523065
49100, 0.181692, 237691, 521911
49200, 0.183877, 239070, 524912
49300, 0.184679, 239386, 525719
49400, 0.186139, 239306, 525495
49500, 0.183922, 240173, 527319
49600, 0.185085, 241215, 529564
49700, 0.186071, 240811, 528859
49800, 0.18499, 241937, 531251
49900, 0.186131, 242604, 532694
50000, 0.18586, 242604, 532700

