100, 0.000578142, 119.28, 328.78
200, 0.00105845, 249.7, 702.24
300, 0.00101573, 383.92, 1095.36
400, 0.00128796, 523.74, 1494.4
500, 0.00193911, 659.58, 1889.32
600, 0.00215741, 784.06, 2258.32
700, 0.0026462, 926.98, 2678.24
800, 0.00271863, 1051.84, 3049.88
900, 0.00311457, 1199.4, 3485.4
1000, 0.00328719, 1314.06, 3823.86
1100, 0.00365039, 1448, 4216.42
1200, 0.00405934, 1611.58, 4688.88
1300, 0.00476279, 1722.82, 5020.9
1400, 0.00470452, 1863.82, 5442.72
1500, 0.00493465, 2013.04, 5881.04
1600, 0.00533881, 2150.66, 6283.94
1700, 0.00563408, 2289.96, 6694.94
1800, 0.00632393, 2409.82, 7059.04
1900, 0.00636812, 2563.66, 7504.82
2000, 0.00675213, 2702.06, 7923.64
2100, 0.00694654, 2833.32, 8303.1
2200, 0.00743504, 2967.34, 8708.62
2300, 0.00793314, 3077.02, 9021.02
2400, 0.00821711, 3230.02, 9488.52
2500, 0.00842297, 3371.76, 9890.5
2600, 0.00875238, 3511.32, 10300.9
2700, 0.00898792, 3665.34, 10755.7
2800, 0.00942762, 3777.12, 11108.9
2900, 0.00970002, 3926.04, 11537.6
3000, 0.010345, 4081.36, 11982.5
3100, 0.0105415, 4221.6, 12391.4
3200, 0.010867, 4307.82, 12690.1
3300, 0.0112427, 4440.68, 13067.4
3400, 0.0118704, 4611.58, 13576.3
3500, 0.0121831, 4763.74, 14015.3
3600, 0.0139203, 4887.44, 14405
3700, 0.0137212, 5062.7, 14906.3
3800, 0.0134034, 5160.6, 15215.8
3900, 0.0133786, 5292.4, 15592.4
4000, 0.0141805, 5433.84, 16012.8
4100, 0.0141609, 5558.6, 16381.1
4200, 0.0146067, 5691.72, 16783.8
4300, 0.0147849, 5854.58, 17281.3
4400, 0.0149968, 5966.52, 17604.6
4500, 0.0165872, 6106, 18008.9
4600, 0.0178778, 6237.62, 18410.7
4700, 0.0179846, 6336.56, 18716.4
4800, 0.0183918, 6563.96, 19351.3
4900, 0.0184186, 6703.58, 19756.4
5000, 0.0180821, 6800.94, 20066.1
5100, 0.0183677, 6969.74, 20582.1
5200, 0.0189889, 7126.36, 21030.4
5300, 0.0193039, 7280.26, 21482
5400, 0.0194687, 7351.86, 21709.6
5500, 0.0201829, 7539.7, 22251.7
5600, 0.020138, 7587.2, 22427.9
5700, 0.0214479, 7782.16, 22986.9
5800, 0.0215436, 7967.6, 23529.8
5900, 0.0204332, 8066.68, 23847.9
6000, 0.0209353, 8175.94, 24168.2
6100, 0.0212627, 8387.34, 24776.5
6200, 0.0214537, 8454.32, 25005.3
6300, 0.0215441, 8594.16, 25421.4
6400, 0.0226907, 8729.54, 25844.7
6500, 0.0264795, 8881.18, 26282.8
6600, 0.0298733, 9006.48, 26619.2
6700, 0.024167, 9199.62, 27201.2
6800, 0.0244542, 9360.16, 27673.5
6900, 0.0239347, 9454.64, 27962.4
7000, 0.0256823, 9575.64, 28302.2
7100, 0.0267228, 9745.6, 28827.6
7200, 0.0270002, 9847.72, 29151.3
7300, 0.0273629, 9962.82, 29502.4
7400, 0.0278983, 10139.9, 30005.1
7500, 0.027753, 10288.5, 30436.5
7600, 0.0274676, 10405.2, 30784.2
7700, 0.0271947, 10438.1, 30904.8
7800, 0.027944, 10615.6, 31420.3
7900, 0.0279763, 10756.4, 31867.9
8000, 0.0282774, 10956.8, 32441.6
8100, 0.0281595, 11082, 32805.1
8200, 0.0277394, 11174.5, 33096.8
8300, 0.0336025, 11357.9, 33630.3
8400, 0.033857, 11437.7, 33870
8500, 0.0328846, 11595.3, 34355.6
8600, 0.0319587, 11733.8, 34766.4
8700, 0.0304527, 11857.5, 35121.9
8800, 0.0306744, 12078.8, 35772.5
8900, 0.0311186, 12230, 36220.8
9000, 0.0322865, 12351.7, 36605.7
9100, 0.0327133, 12421.9, 36817.2
9200, 0.0320853, 12584.6, 37296.5
9300, 0.0325384, 12731, 37695.8
9400, 0.0329814, 12889, 38185.6
9500, 0.0345148, 13061.1, 38695
9600, 0.0340812, 13168.8, 39010.6
9700, 0.0349219, 13308.1, 39422.7
9800, 0.0343001, 13492.3, 39935.8
9900, 0.034029, 13563.4, 40200.7
10000, 0.0346739, 13718.2, 40634.4
10100, 0.0353504, 13878.2, 41094.2
10200, 0.0354661, 13952.8, 41358.9
10300, 0.0384996, 14176.1, 42009.1
10400, 0.0410806, 14294.1, 42357.8
10500, 0.0410549, 14454.3, 42842.1
10600, 0.037542, 14649.7, 43399.9
10700, 0.0405354, 14651.8, 43438.3
10800, 0.0451571, 14765.6, 43797.9
10900, 0.044641, 15011.3, 44478.6
11000, 0.0468314, 15085.9, 44726.6
11100, 0.042063, 15296.2, 45354
11200, 0.0409364, 15347.6, 45511.8
11300, 0.0419699, 15552.1, 46117.1
11400, 0.0430423, 15674.4, 46488.6
11500, 0.0462411, 15819.6, 46901.3
11600, 0.0479258, 15925.9, 47230.7
11700, 0.0436848, 16139.9, 47872
11800, 0.0445086, 16143.5, 47882.6
11900, 0.042639, 16359.1, 48548.9
12000, 0.0440595, 16523, 49006.6
12100, 0.0449819, 16602.2, 49269.2
12200, 0.0455834, 16783.3, 49804.5
12300, 0.0460221, 16873.9, 50062.3
12400, 0.0465956, 17055.9, 50592.4
12500, 0.0461286, 17219.3, 51115.3
12600, 0.0456224, 17341.8, 51449.2
12700, 0.0446939, 17460, 51805.9
12800, 0.044294, 17592.7, 52223.9
12900, 0.046612, 17776.7, 52745.7
13000, 0.0491683, 17841, 52983.5
13100, 0.0462705, 18022.1, 53478
13200, 0.0503249, 18117.4, 53768.5
13300, 0.0471595, 18283.4, 54293
13400, 0.0504325, 18366.8, 54529.8
13500, 0.0521902, 18578.5, 55124.8
13600, 0.0503617, 18687.2, 55457.2
13700, 0.0503825, 18788.3, 55793
13800, 0.0495915, 18939.1, 56239.5
13900, 0.0497772, 19109.7, 56756.2
14000, 0.0523661, 19280.8, 57245.7
14100, 0.0499169, 19418.7, 57661.6
14200, 0.0501868, 19446.3, 57772.8
14300, 0.05193, 19692.1, 58453.4
14400, 0.0504118, 19810.6, 58827
14500, 0.0556082, 19866.1, 59031.3
14600, 0.0609501, 20086.4, 59648.3
14700, 0.0561823, 20200.3, 59999.8
14800, 0.0574031, 20353.9, 60451.7
14900, 0.0567711, 20467.8, 60809.2
15000, 0.0548588, 20664.6, 61376.9
15100, 0.0624949, 20750.3, 61646.6
15200, 0.0567401, 20871, 62000
15300, 0.0559496, 21083.1, 62633.4
15400, 0.0575677, 21063.5, 62573.8
15500, 0.0554108, 21348.2, 63419.7
15600, 0.0569705, 21383, 63527.4
15700, 0.0577301, 21561.1, 64044.7
15800, 0.0568427, 21779.4, 64711.1
15900, 0.056692, 21848.7, 64925.5
16000, 0.0585636, 22039, 65471.7
16100, 0.0582781, 22122, 65725.3
16200, 0.0598883, 22334.4, 66346.4
16300, 0.0584439, 22411.1, 66583.9
16400, 0.0597187, 22596.2, 67144.1
16500, 0.0591729, 22682.3, 67436.9
16600, 0.0581616, 22876.5, 67965.3
16700, 0.0598276, 22978.4, 68326.3
16800, 0.0593629, 23049.8, 68509.9
16900, 0.0641717, 23166, 68877.6
17000, 0.0613319, 23388.5, 69494.2
17100, 0.0601495, 23547.8, 69960.9
17200, 0.0592879, 23622.3, 70189.2
17300, 0.0655651, 23808, 70738.7
17400, 0.0653146, 23979.7, 71261.5
17500, 0.0607382, 24065.8, 71526.6
17600, 0.0662307, 24195.3, 71910
17700, 0.0656975, 24399.6, 72515.5
17800, 0.0633697, 24447.2, 72664.2
17900, 0.063366, 24585.6, 73085.6
18000, 0.0632124, 24769.2, 73591.5
18100, 0.0638027, 24962.4, 74200
18200, 0.0688769, 25120.2, 74658.1
18300, 0.071887, 25221.4, 74974.7
18400, 0.065868, 25369, 75397.4
18500, 0.0684267, 25374, 75449.8
18600, 0.0693697, 25627, 76158.3
18700, 0.0660158, 25751.9, 76554.4
18800, 0.0679469, 25890, 76975.1
18900, 0.0723466, 26094.5, 77514
19000, 0.070925, 26197, 77848.4
19100, 0.0738894, 26199, 77872.5
19200, 0.0687765, 26521.8, 78848
19300, 0.0717306, 26629.1, 79096.8
19400, 0.0697677, 26808.1, 79700.1
19500, 0.0684814, 26957, 80142.9
19600, 0.0722653, 27014.4, 80306.4
19700, 0.0687359, 27187.6, 80806.5
19800, 0.0767189, 27364.3, 81329.2
19900, 0.072861, 27397.9, 81475.5
20000, 0.0786063, 27602.8, 82017.9
20100, 0.0789794, 27736.9, 82469.8
20200, 0.0777527, 27822.2, 82722.2
20300, 0.0772286, 27983.8, 83159.9
20400, 0.0755169, 28088.9, 83522.7
20500, 0.0748077, 28229.4, 83907.7
20600, 0.0755951, 28409.3, 84481
20700, 0.0784488, 28570.8, 84928.1
20800, 0.0803567, 28731.3, 85406.1
20900, 0.0782424, 28842.5, 85720.7
21000, 0.0778482, 29004, 86210.5
21100, 0.0806731, 29163.8, 86696.9
21200, 0.0799056, 29149.7, 86746.7
21300, 0.0823951, 29335.4, 87238.3
21400, 0.0814772, 29559.5, 87908.9
21500, 0.0780768, 29680.1, 88252.6
21600, 0.0816447, 29776, 88577
21700, 0.082644, 30022, 89297
21800, 0.0826335, 30164.5, 89690.1
21900, 0.0865681, 30232, 89887.3
22000, 0.0832181, 30377.5, 90380.4
22100, 0.0844699, 30520.3, 90788.7
22200, 0.0848464, 30591.3, 90989
22300, 0.0831077, 30865.9, 91784.7
22400, 0.085117, 30854.4, 91792.4
22500, 0.0843698, 31080.1, 92440.3
22600, 0.0845761, 31279.2, 93061.2
22700, 0.0838228, 31250.4, 92964.7
22800, 0.0855321, 31371.2, 93338
22900, 0.0876375, 31597.1, 93995.9
23000, 0.0828187, 31830.8, 94640.2
23100, 0.0809305, 31793.2, 94609.4
23200, 0.0818544, 31987.8, 95166.3
23300, 0.0838187, 32005.1, 95224.7
23400, 0.0819203, 32236.2, 95918.9
23500, 0.0838243, 32485.3, 96676.4
23600, 0.0818004, 32571.5, 96903.3
23700, 0.0842482, 32645.4, 97130.8
23800, 0.0837422, 32844, 97719.8
23900, 0.084924, 33024.4, 98255.8
24000, 0.0846828, 33155, 98599.8
24100, 0.0842971, 33302.1, 99064.5
24200, 0.0854212, 33488.8, 99623.3
24300, 0.0845682, 33543.4, 99799.7
24400, 0.0867689, 33650.5, 100133
24500, 0.0868703, 33795.5, 100586
24600, 0.0910012, 33922.2, 100982
24700, 0.0895351, 34075.4, 101427
24800, 0.0921065, 34267.2, 101934
24900, 0.0869808, 34375.4, 102311
25000, 0.0894527, 34528.2, 102739
25100, 0.0883971, 34692.1, 103269
25200, 0.0900358, 34818.2, 103598
25300, 0.0880894, 35018, 104202
25400, 0.089326, 35022.9, 104240
25500, 0.0930439, 35234.1, 104851
25600, 0.0914798, 35295.6, 105032
25700, 0.0903323, 35549.4, 105791
25800, 0.0925104, 35535.9, 105831
25900, 0.0911284, 35720.4, 106316
26000, 0.0923392, 35880.9, 106796
26100, 0.0923901, 35976.9, 107096
26200, 0.0927905, 36115.5, 107533
26300, 0.106167, 36381.8, 108289
26400, 0.0965239, 36512.4, 108691
26500, 0.0917078, 36583.3, 108889
26600, 0.0971587, 36752.6, 109395
26700, 0.101296, 36821.9, 109613
26800, 0.100506, 37051.8, 110320
26900, 0.101598, 37074, 110371
27000, 0.104095, 37239.1, 110842
27100, 0.0971699, 37445.5, 111430
27200, 0.0996828, 37456.1, 111512
27300, 0.0999688, 37657.3, 112112
27400, 0.0973785, 37850.6, 112644
27500, 0.099365, 38012.4, 113162
27600, 0.0959113, 38169.4, 113624
27700, 0.104696, 38215.5, 113750
27800, 0.0988719, 38402.1, 114318
27900, 0.10296, 38521.3, 114644
28000, 0.0972118, 38581.7, 114888
28100, 0.101242, 38823.4, 115578
28200, 0.101478, 38845.1, 115620
28300, 0.100057, 39096.3, 116408
28400, 0.100048, 39330.8, 117045
28500, 0.0995681, 39319.6, 117000
28600, 0.10135, 39498.5, 117595
28700, 0.107035, 39668.6, 118094
28800, 0.101945, 39848.8, 118628
28900, 0.10325, 39792.7, 118503
29000, 0.103397, 40049.4, 119217
29100, 0.102791, 40266.9, 119903
29200, 0.102923, 40371.1, 120205
29300, 0.102861, 40460.7, 120484
29400, 0.109055, 40627.8, 120954
29500, 0.10266, 40745.2, 121309
29600, 0.109024, 40923.7, 121836
29700, 0.109181, 41001.4, 122037
29800, 0.109117, 41153.3, 122532
29900, 0.110184, 41296.6, 122952
30000, 0.113399, 41434.3, 123390
30100, 0.112721, 41497.4, 123592
30200, 0.112187, 41712.6, 124185
30300, 0.117832, 41920.8, 124838
30400, 0.115296, 42085.7, 125307
30500, 0.111163, 41946.2, 124979
30600, 0.108323, 42293.7, 125911
30700, 0.109862, 42394.1, 126293
30800, 0.106857, 42504, 126595
30900, 0.108774, 42660.9, 127039
31000, 0.10792, 42884.4, 127706
31100, 0.109417, 43042.1, 128182
31200, 0.10938, 43228.9, 128722
31300, 0.108644, 43243.3, 128780
31400, 0.112064, 43479, 129479
31500, 0.114271, 43453.9, 129444
31600, 0.112754, 43640.8, 129936
31700, 0.110945, 43849.6, 130640
31800, 0.11148, 44031.9, 131140
31900, 0.112172, 43934, 130915
32000, 0.111048, 44258.9, 131801
32100, 0.115444, 44407, 132235
32200, 0.113279, 44398.5, 132291
32300, 0.113769, 44688.3, 133122
32400, 0.112648, 44816.7, 133488
32500, 0.115007, 44809.9, 133496
32600, 0.123504, 44921.3, 133829
32700, 0.117208, 45198.6, 134650
32800, 0.116161, 45333, 135027
32900, 0.115413, 45497.6, 135547
33000, 0.115324, 45425.1, 135317
33100, 0.115398, 45767.6, 136292
33200, 0.116934, 45876.9, 136682
33300, 0.124006, 46008.7, 137057
33400, 0.125923, 46153.3, 137468
33500, 0.124076, 46238.6, 137764
33600, 0.123188, 46501.8, 138502
33700, 0.12385, 46705.4, 139072
33800, 0.129218, 46633.4, 138884
33900, 0.126649, 46797.1, 139330
34000, 0.123117, 47188.5, 140510
34100, 0.12068, 47189.4, 140527
34200, 0.119915, 47294.3, 140843
34300, 0.120794, 47554.9, 141644
34400, 0.120327, 47516.5, 141494
34500, 0.123659, 47776.7, 142341
34600, 0.125361, 47900.4, 142637
34700, 0.125703, 47985, 142929
34800, 0.126192, 48147.8, 143437
34900, 0.139783, 48317.1, 143861
35000, 0.138859, 48487, 144464
35100, 0.133599, 48546.5, 144638
35200, 0.127293, 48794.6, 145320
35300, 0.126727, 48737.4, 145229
35400, 0.131113, 48916.6, 145699
35500, 0.122052, 49083.5, 146233
35600, 0.121166, 49095.9, 146205
35700, 0.123698, 49290, 146804
35800, 0.126832, 49443.1, 147316
35900, 0.12234, 49746.3, 148162
36000, 0.123328, 49730.6, 148179
36100, 0.12534, 49998.7, 148925
36200, 0.12338, 50047.2, 149076
36300, 0.127399, 50167.5, 149451
36400, 0.12538, 50274.1, 149761
36500, 0.125045, 50674.5, 150954
36600, 0.129094, 50607.6, 150806
36700, 0.135462, 50768.2, 151305
36800, 0.130488, 50851.9, 151503
36900, 0.131619, 51093.7, 152234
37000, 0.132577, 51110.1, 152304
37100, 0.133206, 51344.6, 152968
37200, 0.144374, 51445.9, 153233
37300, 0.13195, 51587.5, 153748
37400, 0.134878, 51828, 154372
37500, 0.13432, 51766.9, 154222
37600, 0.134547, 52076.6, 155142
37700, 0.137585, 52199.3, 155495
37800, 0.140756, 52297.7, 155804
37900, 0.137521, 52418.6, 156230
38000, 0.137285, 52596.8, 156707
38100, 0.13258, 52796, 157317
38200, 0.131479, 52950.5, 157734
38300, 0.131863, 52935.8, 157729
38400, 0.134772, 53274, 158678
38500, 0.137637, 53358, 158978
38600, 0.13559, 53472.1, 159333
38700, 0.147125, 53569.6, 159675
38800, 0.137348, 53738, 160110
38900, 0.133823, 53886.9, 160575
39000, 0.132857, 53883.9, 160559
39100, 0.13521, 54164.5, 161391
39200, 0.13578, 54258.3, 161669
39300, 0.134972, 54340.5, 161862
39400, 0.133995, 54584.4, 162618
39500, 0.134374, 54756.8, 163139
39600, 0.135705, 54893, 163558
39700, 0.14011, 54995.4, 163879
39800, 0.135371, 55102, 164188
39900, 0.138827, 55225.7, 164556
40000, 0.138685, 55322.8, 164842
40100, 0.137876, 55531.4, 165492
40200, 0.147183, 55741, 166065
40300, 0.147467, 55782.7, 166224
40400, 0.146526, 56102.5, 167110
40500, 0.142355, 55862.8, 166490
40600, 0.150987, 56262, 167663
40700, 0.153431, 56497.8, 168356
40800, 0.152869, 56462.1, 168234
40900, 0.14997, 56544.8, 168501
41000, 0.154066, 56851.2, 169366
41100, 0.149395, 56884.1, 169530
41200, 0.147758, 57067.3, 170064
41300, 0.158343, 57183.5, 170349
41400, 0.156308, 57354.8, 170937
41500, 0.151254, 57491.4, 171343
41600, 0.147432, 57500.3, 171406
41700, 0.147302, 57761.9, 172086
41800, 0.146066, 57872.5, 172464
41900, 0.144761, 58100.7, 173189
42000, 0.148661, 58237.3, 173578
42100, 0.152001, 58262.5, 173654
42200, 0.156334, 58418.2, 174114
42300, 0.173028, 58643, 174805
42400, 0.153051, 58671.2, 174804
42500, 0.153956, 58862.6, 175416
42600, 0.167831, 58855.9, 175379
42700, 0.174795, 59223.5, 176480
42800, 0.157592, 59290.1, 176736
42900, 0.162068, 59467.3, 177258
43000, 0.155544, 59419.7, 177137
43100, 0.159326, 59728.1, 178016
43200, 0.164341, 59760.6, 178084
43300, 0.160621, 59916.1, 178610
43400, 0.172406, 60158.4, 179351
43500, 0.163715, 60246.1, 179638
43600, 0.157396, 60193.7, 179443
43700, 0.168833, 60309, 179784
43800, 0.169456, 60733.4, 181083
43900, 0.162251, 60921.1, 181592
44000, 0.157099, 60914.1, 181586
44100, 0.160513, 61159.9, 182345
44200, 0.16304, 61209.4, 182491
44300, 0.159301, 61451.4, 183142
44400, 0.157549, 61364.7, 182983
44500, 0.160519, 61518.8, 183471
44600, 0.160787, 61763.3, 184165
44700, 0.156744, 62044.8, 184946
44800, 0.15714, 62031.5, 184959
44900, 0.158034, 62135.2, 185194
45000, 0.158514, 62274.7, 185708
45100, 0.157242, 62507.8, 186321
45200, 0.163553, 62654.7, 186756
45300, 0.155523, 62814.8, 187283
45400, 0.160301, 62743.2, 186996
45500, 0.163694, 62922.1, 187605
45600, 0.161172, 63181.5, 188379
45700, 0.161578, 63218, 188482
45800, 0.161258, 63195.9, 188409
45900, 0.160974, 63527.7, 189366
46000, 0.161142, 63604.8, 189670
46100, 0.162152, 63872.5, 190369
46200, 0.160327, 63886.5, 190478
46300, 0.16293, 64016.7, 190877
46400, 0.170098, 64359.3, 191887
46500, 0.163322, 64453.2, 192128
46600, 0.162896, 64550, 192502
46700, 0.16435, 64616, 192607
46800, 0.165292, 64577.3, 192627
46900, 0.160751, 64893.5, 193417
47000, 0.166609, 65184.8, 194328
47100, 0.160853, 65106.8, 194162
47200, 0.162469, 65345.7, 194843
47300, 0.164028, 65603.5, 195597
47400, 0.162811, 65500.7, 195313
47500, 0.163786, 65733.8, 195979
47600, 0.164409, 65818.8, 196230
47700, 0.163096, 66042.2, 196940
47800, 0.165963, 66120.7, 197159
47900, 0.165108, 66421.1, 198074
48000, 0.163853, 66500.2, 198190
48100, 0.166451, 66640.3, 198699
48200, 0.165635, 66705.2, 198937
48300, 0.164657, 66748.9, 199050
48400, 0.165867, 67133.3, 200123
48500, 0.165632, 66987, 199717
48600, 0.167482, 67274.5, 200596
48700, 0.176172, 67477.4, 201232
48800, 0.168775, 67653.9, 201709
48900, 0.16607, 67618.2, 201634
49000, 0.168547, 67867.7, 202336
49100, 0.168213, 67922.2, 202549
49200, 0.170158, 68236.8, 203478
49300, 0.168976, 68299.6, 203676
49400, 0.17004, 68498.5, 204247
49500, 0.170524, 68531.7, 204410
49600, 0.173695, 68853.9, 205328
49700, 0.171962, 68873.8, 205434
49800, 0.16998, 68950, 205641
49900, 0.171761, 68991, 205774
50000, 0.170208, 69130.1, 206133
