100, 0.000813345, 114.26, 314.42
200, 0.000610792, 243.92, 685.56
300, 0.000894038, 356.6, 1024.72
400, 0.00140594, 485.5, 1399.12
500, 0.00164046, 607.66, 1751.64
600, 0.00187928, 725.18, 2102.5
700, 0.00224507, 848.86, 2474.22
800, 0.00255173, 983.42, 2859.06
900, 0.00290569, 1112.24, 3239.04
1000, 0.00330084, 1245.56, 3627.36
1100, 0.00345673, 1357.62, 3960.6
1200, 0.00427459, 1484.52, 4344.74
1300, 0.00427176, 1599.88, 4695.94
1400, 0.00441366, 1723.24, 5058.94
1500, 0.00495276, 1873.96, 5492.68
1600, 0.00569304, 1995.36, 5841.2
1700, 0.00574952, 2128.6, 6241.3
1800, 0.0058205, 2249.66, 6605.56
1900, 0.0061632, 2392.48, 7014.4
2000, 0.00645056, 2508.54, 7368.1
2100, 0.00683387, 2615.42, 7688.74
2200, 0.0070741, 2742.26, 8067.1
2300, 0.00742236, 2885.96, 8472.94
2400, 0.00769478, 3001.84, 8837.54
2500, 0.00800531, 3120.78, 9194.08
2600, 0.00829451, 3233.92, 9548.84
2700, 0.00847964, 3386.06, 9988.34
2800, 0.00883003, 3511.2, 10340.6
2900, 0.00911941, 3640.14, 10748
3000, 0.00946836, 3781.92, 11155.1
3100, 0.00981756, 3911.4, 11538.9
3200, 0.0101009, 4056.16, 11939.8
3300, 0.0103622, 4136.98, 12231.6
3400, 0.0108237, 4288.66, 12636.7
3500, 0.0112714, 4362.72, 12857.2
3600, 0.0114839, 4517.02, 13342.1
3700, 0.0116988, 4662.76, 13777.8
3800, 0.0119524, 4794.7, 14166.2
3900, 0.0123505, 4918.82, 14522.2
4000, 0.012633, 5021.96, 14852.3
4100, 0.0129623, 5168.14, 15273.5
4200, 0.0133244, 5294.2, 15656.2
4300, 0.0136526, 5417.76, 16024.9
4400, 0.0138129, 5526.8, 16348.1
4500, 0.0143758, 5673.28, 16762.9
4600, 0.0146669, 5802.86, 17170.1
4700, 0.0151711, 5912.22, 17497.6
4800, 0.0154682, 6041.24, 17883.7
4900, 0.0154591, 6155.66, 18223.7
5000, 0.0162042, 6279.62, 18604.9
5100, 0.0160865, 6416.02, 19009
5200, 0.0163571, 6549.02, 19411.7
5300, 0.0166612, 6683.28, 19801.4
5400, 0.0171583, 6779.66, 20086.6
5500, 0.0174399, 6921.2, 20526.4
5600, 0.01933, 7051.78, 20899.5
5700, 0.0211948, 7177.64, 21268.2
5800, 0.0204191, 7310.02, 21681.1
5900, 0.0189881, 7422.14, 22018.3
6000, 0.019587, 7578.96, 22471.3
6100, 0.0195638, 7702.16, 22828.8
6200, 0.0199859, 7837.36, 23237.7
6300, 0.0202034, 7955.12, 23568.5
6400, 0.0205113, 8143.62, 24122.7
6500, 0.0206455, 8250.62, 24452
6600, 0.0209179, 8376.96, 24823.3
6700, 0.022514, 8508.26, 25218.7
6800, 0.0214788, 8598.9, 25493.1
6900, 0.022261, 8744.12, 25934.7
7000, 0.022319, 8862.22, 26280.6
7100, 0.0224986, 8968.12, 26587.8
7200, 0.0228256, 9143.72, 27103.9
7300, 0.0233253, 9252.46, 27413.7
7400, 0.0234404, 9363.06, 27744
7500, 0.023752, 9477.82, 28099.6
7600, 0.0245798, 9639.88, 28581.5
7700, 0.0243308, 9740.1, 28880.1
7800, 0.0245604, 9821.76, 29167.2
7900, 0.0271364, 9982.98, 29638.5
8000, 0.0302218, 10102.6, 29987
8100, 0.0271164, 10229.6, 30354.5
8200, 0.0267369, 10375.9, 30807.9
8300, 0.0266702, 10554.5, 31339.5
8400, 0.0268955, 10655.4, 31610.5
8500, 0.0272064, 10773.6, 31987.4
8600, 0.0273172, 10884.3, 32302.8
8700, 0.0276809, 11022.2, 32715
8800, 0.0278901, 11134.8, 33077.4
8900, 0.031299, 11288.6, 33499
9000, 0.0287975, 11385.5, 33794.6
9100, 0.0290143, 11554, 34290.5
9200, 0.0294057, 11644.9, 34586.9
9300, 0.0297025, 11753.9, 34920.1
9400, 0.0302697, 11909.7, 35350.9
9500, 0.0309474, 12020.9, 35710.9
9600, 0.0308008, 12159, 36114.5
9700, 0.0306363, 12276.1, 36468.8
9800, 0.0312407, 12424.3, 36915
9900, 0.0314782, 12555.3, 37301.4
10000, 0.0319029, 12664.2, 37614.4
10100, 0.0320675, 12751.8, 37927.9
10200, 0.0324162, 12921.6, 38432.6
10300, 0.0327348, 13068, 38841
10400, 0.0330738, 13200.4, 39237.3
10500, 0.0334479, 13276.3, 39469.9
10600, 0.0341426, 13386.9, 39806.2
10700, 0.0340985, 13544.2, 40276.9
10800, 0.0344882, 13656.6, 40591.7
10900, 0.0343928, 13788.6, 40971.1
11000, 0.0368329, 13897.8, 41325.4
11100, 0.035974, 14039.1, 41739.6
11200, 0.0356794, 14176.3, 42185.3
11300, 0.0367793, 14230, 42331
11400, 0.0365556, 14469.3, 43055.9
11500, 0.0370109, 14623, 43476.2
11600, 0.0365171, 14661.9, 43611.1
11700, 0.0407573, 14767.1, 43961.8
11800, 0.0375092, 14957.3, 44494.5
11900, 0.0377265, 15089.6, 44884.5
12000, 0.0381243, 15201.1, 45240.9
12100, 0.0385139, 15360.1, 45706.5
12200, 0.0390595, 15464.5, 46018.2
12300, 0.0392862, 15610.5, 46448.3
12400, 0.0393785, 15736.8, 46804.5
12500, 0.0395767, 15855.1, 47177.3
12600, 0.0416039, 16028.2, 47680.5
12700, 0.041183, 16129.4, 47968.8
12800, 0.0405836, 16237.3, 48313.5
12900, 0.0408884, 16336.5, 48580.3
13000, 0.0430642, 16523.3, 49145
13100, 0.0422885, 16626.7, 49421.1
13200, 0.0424314, 16809.5, 50027
13300, 0.042536, 16886.1, 50235.5
13400, 0.0425275, 17018.4, 50581.4
13500, 0.043624, 17090.3, 50836.8
13600, 0.044062, 17338.4, 51561.3
13700, 0.0440687, 17408.7, 51745.6
13800, 0.0439362, 17529.7, 52164.5
13900, 0.0442805, 17705.2, 52653.6
14000, 0.0446945, 17803.7, 52944.1
14100, 0.0448646, 17973.2, 53440
14200, 0.0451984, 18017.1, 53582.6
14300, 0.0464762, 18191.2, 54108
14400, 0.0460549, 18316.1, 54456.5
14500, 0.0463358, 18470.9, 54956.2
14600, 0.0460531, 18523.3, 55121
14700, 0.0484332, 18722.1, 55684.8
14800, 0.0472764, 18841.7, 56055
14900, 0.0478816, 18991.6, 56457.7
15000, 0.04787, 19070.2, 56717.8
15100, 0.0500341, 19236, 57203.4
15200, 0.048554, 19313.7, 57429.6
15300, 0.0488424, 19421.7, 57767.1
15400, 0.0495885, 19578, 58263.8
15500, 0.0496909, 19675.8, 58560.5
15600, 0.049977, 19816.2, 58971.6
15700, 0.0501855, 20021.4, 59548.3
15800, 0.0510559, 20082.8, 59731.4
15900, 0.0508318, 20121, 59866.3
16000, 0.0508117, 20395.9, 60650.8
16100, 0.0517111, 20449.6, 60880.5
16200, 0.0568039, 20613.6, 61325.4
16300, 0.0533628, 20770, 61820.7
16400, 0.0522197, 20839.2, 61998.3
16500, 0.0529523, 20980.8, 62441.6
16600, 0.0537532, 21116.3, 62867
16700, 0.0534697, 21126.2, 62915.3
16800, 0.0535588, 21278, 63362.7
16900, 0.0541286, 21480.5, 63938.5
17000, 0.0544147, 21559.4, 64174.8
17100, 0.0543102, 21737.8, 64733.3
17200, 0.05562, 21856.7, 65073.8
17300, 0.055231, 22016.4, 65530.5
17400, 0.0553238, 22147.4, 65935.3
17500, 0.0582836, 22301.1, 66375.6
17600, 0.057216, 22353.6, 66573.8
17700, 0.0567464, 22532.7, 67103.5
17800, 0.0567261, 22645.5, 67393.3
17900, 0.0580374, 22770.2, 67770.4
18000, 0.0579053, 22920.2, 68247.8
18100, 0.0579143, 22999.3, 68469.6
18200, 0.0588136, 23170.6, 69007.8
18300, 0.058113, 23194.3, 69065.1
18400, 0.0584746, 23398.4, 69656.5
18500, 0.0597173, 23570.3, 70159
18600, 0.0589366, 23658.2, 70412.8
18700, 0.0599957, 23799, 70825
18800, 0.0620962, 23861.9, 71068.9
18900, 0.0616127, 23973.6, 71412.8
19000, 0.0615229, 24090.3, 71779.3
19100, 0.061946, 24290.1, 72327.1
19200, 0.0606248, 24226.5, 72184.9
19300, 0.0619466, 24535.6, 73103.5
19400, 0.061796, 24637.9, 73394.4
19500, 0.0622346, 24779.2, 73824.5
19600, 0.0621877, 24910.4, 74184.6
19700, 0.0635403, 25058.2, 74620.5
19800, 0.0627637, 25135, 74904.7
19900, 0.0635299, 25398.6, 75592.4
20000, 0.0664714, 25471, 75848.6
20100, 0.0643661, 25519.7, 76029
20200, 0.0647384, 25708.1, 76606.7
20300, 0.0657201, 25779.6, 76759.6
20400, 0.0650177, 25994.3, 77442.7
20500, 0.0658605, 26113, 77771
20600, 0.0655569, 26162.3, 77933.4
20700, 0.066053, 26336.6, 78447.8
20800, 0.0670867, 26483, 78915.9
20900, 0.0668138, 26540.5, 79107.3
21000, 0.0669438, 26709.1, 79561
21100, 0.0685742, 26867.4, 80064.4
21200, 0.0680744, 26994.2, 80429.3
21300, 0.0679084, 27059.4, 80652.2
21400, 0.0696094, 27219, 81074.4
21500, 0.0687451, 27340.7, 81478
21600, 0.0690954, 27381.8, 81646.9
21700, 0.0692657, 27594.2, 82219.3
21800, 0.069421, 27702.4, 82575.9
21900, 0.0703958, 27718.7, 82637.9
22000, 0.0700073, 27897.2, 83143.2
22100, 0.0716046, 28171.1, 83952.8
22200, 0.0735252, 28227.2, 84122.2
22300, 0.0713967, 28286.8, 84345.1
22400, 0.0725361, 28381.9, 84643.6
22500, 0.071541, 28635.1, 85336.4
22600, 0.0721961, 28728, 85592.7
22700, 0.072436, 28788.9, 85886.4
22800, 0.0723854, 28981, 86444.4
22900, 0.0739604, 29072.4, 86675.8
23000, 0.0729733, 29012.1, 86484.1
23100, 0.0747311, 29397.3, 87657.5
23200, 0.0754584, 29501.4, 87969
23300, 0.0747012, 29632.1, 88353.8
23400, 0.0752981, 29705.3, 88636.3
23500, 0.0757078, 29777.1, 88759.7
23600, 0.0761762, 30117.2, 89749.7
23700, 0.0758887, 30174.7, 89977.7
23800, 0.0765809, 30298.6, 90366
23900, 0.0812305, 30364.4, 90543.2
24000, 0.0774775, 30481.4, 90890.7
24100, 0.0848311, 30660, 91422.3
24200, 0.086574, 30805.2, 91869.3
24300, 0.0809554, 30904.6, 92129.4
24400, 0.0793859, 31062.2, 92629.1
24500, 0.0879296, 31233.2, 93113.3
24600, 0.0865654, 31294.7, 93347.6
24700, 0.0923443, 31443.7, 93752.6
24800, 0.090014, 31676.6, 94440.1
24900, 0.0844861, 31730.3, 94628.5
25000, 0.0881291, 31822, 94860
25100, 0.0835101, 31903.6, 95119
25200, 0.0872917, 32010.3, 95457.8
25300, 0.0831404, 32207.6, 96029.2
25400, 0.0888647, 32360.1, 96472.5
25500, 0.0833081, 32458.5, 96808.9
25600, 0.0896679, 32665.7, 97406.1
25700, 0.0860524, 32633.6, 97342.9
25800, 0.0864016, 32759.1, 97708.5
25900, 0.0945489, 32941.9, 98215.2
26000, 0.0966441, 33050.8, 98535.4
26100, 0.0890432, 33317.7, 99313.6
26200, 0.0848589, 33398.2, 99529.6
26300, 0.0858164, 33502.7, 99905.5
26400, 0.0966601, 33689, 100422
26500, 0.089362, 33795.6, 100736
26600, 0.0949531, 33958.1, 101258
26700, 0.096615, 34075.5, 101553
26800, 0.093701, 34094.6, 101680
26900, 0.0969303, 34238.5, 102114
27000, 0.0945663, 34474.2, 102746
27100, 0.0893464, 34573.2, 103019
27200, 0.10041, 34639.2, 103292
27300, 0.0922026, 34762.9, 103622
27400, 0.0966458, 34938, 104206
27500, 0.0940025, 35109.8, 104665
27600, 0.0982837, 35258.3, 105110
27700, 0.0983063, 35291.3, 105216
27800, 0.0955847, 35409.1, 105533
27900, 0.102861, 35645.6, 106226
28000, 0.0973657, 35721.4, 106458
28100, 0.0950103, 35775.5, 106704
28200, 0.0976937, 35990.1, 107292
28300, 0.0978631, 36105.9, 107649
28400, 0.102787, 36259.8, 108088
28500, 0.105217, 36351.7, 108391
28600, 0.103106, 36546.8, 108951
28700, 0.100294, 36613.4, 109181
28800, 0.0997332, 36696.7, 109453
28900, 0.100769, 36925.7, 110054
29000, 0.100273, 36871.4, 109934
29100, 0.0988049, 37067.7, 110551
29200, 0.106057, 37237.7, 111012
29300, 0.10931, 37340.9, 111285
29400, 0.107471, 37505.9, 111806
29500, 0.0989321, 37574.3, 112065
29600, 0.0980758, 37805.6, 112684
29700, 0.0954998, 37846.6, 112795
29800, 0.0957956, 38068.4, 113474
29900, 0.106164, 38159, 113770
30000, 0.105214, 38315.2, 114188
30100, 0.105306, 38431.8, 114592
30200, 0.103612, 38494.9, 114748
30300, 0.106284, 38626.3, 115147
30400, 0.109358, 38850.5, 115825
30500, 0.0996067, 38917.4, 116048
30600, 0.0986633, 39091.9, 116557
30700, 0.101001, 39171.3, 116844
30800, 0.112348, 39252.6, 117043
30900, 0.10924, 39517.9, 117813
31000, 0.107074, 39368.7, 117413
31100, 0.102893, 39533, 117939
31200, 0.100033, 39685.2, 118325
31300, 0.105399, 39910.9, 119008
31400, 0.116801, 40054.3, 119472
31500, 0.104541, 40126.1, 119650
31600, 0.101369, 40295.4, 120182
31700, 0.10659, 40402.3, 120511
31800, 0.113821, 40636, 121140
31900, 0.103929, 40684.2, 121341
32000, 0.101655, 40787.5, 121609
32100, 0.103675, 40915.7, 122030
32200, 0.110699, 41136.3, 122696
32300, 0.113834, 40906.4, 122032
32400, 0.105819, 41192.1, 122892
32500, 0.105028, 41471.3, 123653
32600, 0.104288, 41518.4, 123847
32700, 0.104394, 41778.4, 124588
32800, 0.105245, 41907.4, 125034
32900, 0.104723, 41897.2, 125010
33000, 0.105114, 42126.3, 125636
33100, 0.106681, 42180.5, 125847
33200, 0.105821, 42297.2, 126132
33300, 0.106247, 42405.9, 126510
33400, 0.107023, 42533.5, 126867
33500, 0.106769, 42679.7, 127315
33600, 0.107669, 42698, 127383
33700, 0.107477, 42973.4, 128185
33800, 0.109561, 43020.3, 128370
33900, 0.108385, 43291.2, 129159
34000, 0.109248, 43407.1, 129492
34100, 0.108662, 43471.9, 129694
34200, 0.109534, 43657.6, 130246
34300, 0.109524, 43738.6, 130510
34400, 0.109366, 43896.6, 130929
34500, 0.110603, 43980.6, 131243
34600, 0.110615, 44135.5, 131659
34700, 0.111175, 44247.5, 131996
34800, 0.111009, 44297.4, 132174
34900, 0.111059, 44526.9, 132868
35000, 0.111646, 44592.5, 133079
35100, 0.11238, 44792.5, 133605
35200, 0.112487, 44881.4, 133860
35300, 0.113612, 45051.6, 134393
35400, 0.113004, 45063.8, 134481
35500, 0.113499, 45116.3, 134627
35600, 0.113653, 45456.5, 135547
35700, 0.114029, 45609.2, 136084
35800, 0.11364, 45522, 135795
35900, 0.114128, 45657.7, 136236
36000, 0.115482, 45843.3, 136798
36100, 0.115295, 46049.3, 137435
36200, 0.11576, 46105.3, 137562
36300, 0.115691, 46381.6, 138359
36400, 0.11623, 46485.4, 138632
36500, 0.116647, 46634.5, 139104
36600, 0.116604, 46708.8, 139363
36700, 0.119063, 46805.1, 139644
36800, 0.119485, 46990.7, 140210
36900, 0.118146, 47165.9, 140675
37000, 0.117904, 47186.8, 140810
37100, 0.119016, 47390.3, 141413
37200, 0.120394, 47499.9, 141754
37300, 0.118794, 47498.3, 141742
37400, 0.119941, 47822.9, 142686
37500, 0.119597, 47874.8, 142858
37600, 0.120023, 47981.9, 143167
37700, 0.120769, 48062.1, 143483
37800, 0.120791, 48221.8, 143917
37900, 0.121018, 48343, 144282
38000, 0.121726, 48520.2, 144761
38100, 0.121636, 48586, 144999
38200, 0.122447, 48763.5, 145562
38300, 0.122005, 48842.6, 145784
38400, 0.122856, 48988.2, 146237
38500, 0.122836, 49130, 146630
38600, 0.122657, 49270.3, 147031
38700, 0.122843, 49306.8, 147117
38800, 0.123072, 49430, 147501
38900, 0.124707, 49598.6, 148001
39000, 0.124219, 49641.9, 148146
39100, 0.124935, 49873.6, 148888
39200, 0.125409, 50002.4, 149266
39300, 0.12505, 50128.2, 149570
39400, 0.125282, 50220.6, 149854
39500, 0.125935, 50321.3, 150215
39600, 0.125993, 50462.8, 150613
39700, 0.126311, 50493.8, 150731
39800, 0.127258, 50805, 151641
39900, 0.12764, 50932.5, 152014
40000, 0.127282, 50991.5, 152176
40100, 0.128621, 51109.4, 152551
40200, 0.128479, 51260.9, 153005
40300, 0.128434, 51390.9, 153393
40400, 0.128983, 51479.7, 153616
40500, 0.129604, 51689.5, 154242
40600, 0.130728, 51785.5, 154554
40700, 0.129871, 51946.9, 155008
40800, 0.129456, 51858.3, 154797
40900, 0.131244, 52180.3, 155752
41000, 0.13146, 52352.5, 156203
41100, 0.131505, 52528.1, 156749
41200, 0.132186, 52564.9, 156853
41300, 0.132329, 52726.8, 157401
41400, 0.132387, 52850.8, 157683
41500, 0.1329, 53031.9, 158317
41600, 0.133408, 53100.1, 158486
41700, 0.13331, 53307.6, 159089
41800, 0.133404, 53219.5, 158877
41900, 0.134293, 53457.1, 159647
42000, 0.134327, 53580.1, 159946
42100, 0.134334, 53767.1, 160477
42200, 0.134136, 53637.3, 160202
42300, 0.13555, 53931.2, 160983
42400, 0.136039, 54125.7, 161553
42500, 0.136191, 54258.1, 161984
42600, 0.13676, 54351.7, 162274
42700, 0.137032, 54325.9, 162200
42800, 0.139926, 54481.5, 162686
42900, 0.137201, 54615.6, 163024
43000, 0.137159, 54785, 163565
43100, 0.137695, 55033.4, 164285
43200, 0.137877, 55187.3, 164732
43300, 0.139229, 55264.5, 165009
43400, 0.13953, 55267.1, 165001
43500, 0.138675, 55365.1, 165346
43600, 0.138946, 55524, 165799
43700, 0.139948, 55776.5, 166526
43800, 0.140999, 55831.2, 166743
43900, 0.142408, 55867.4, 166757
44000, 0.147349, 56103.1, 167505
44100, 0.150806, 56292.9, 168023
44200, 0.149242, 56339.8, 168204
44300, 0.152636, 56593.5, 168982
44400, 0.148736, 56516.4, 168786
44500, 0.1604, 56709.8, 169305
44600, 0.146212, 56848.6, 169719
44700, 0.143905, 57011.7, 170192
44800, 0.146432, 56994.3, 170136
44900, 0.144358, 57313.8, 171072
45000, 0.14519, 57413.5, 171442
45100, 0.144747, 57470.9, 171609
45200, 0.146082, 57540.4, 171831
45300, 0.146184, 57651.7, 172164
45400, 0.14848, 57789.3, 172631
45500, 0.147487, 58082.9, 173447
45600, 0.145731, 58101.1, 173496
45700, 0.147262, 58246.3, 173937
45800, 0.147941, 58481.4, 174628
45900, 0.150729, 58508, 174734
46000, 0.165186, 58732.1, 175363
46100, 0.149691, 58896.5, 175811
46200, 0.14888, 58852, 175698
46300, 0.148334, 59123.5, 176562
46400, 0.148866, 59163, 176717
46500, 0.150103, 59466, 177573
46600, 0.148714, 59485.3, 177643
46700, 0.149105, 59619.7, 178059
46800, 0.151114, 59709.8, 178373
46900, 0.150621, 59753.8, 178476
47000, 0.157417, 59952.9, 179100
47100, 0.168833, 60165.9, 179710
47200, 0.152317, 60187.4, 179765
47300, 0.151992, 60409.6, 180438
47400, 0.152232, 60468.1, 180573
47500, 0.152153, 60570.2, 180932
47600, 0.152558, 60784.5, 181517
47700, 0.153113, 60854.4, 181784
47800, 0.15647, 60922.5, 181987
47900, 0.154915, 61129.4, 182552
48000, 0.153995, 61228.6, 182869
48100, 0.156258, 61421.3, 183414
48200, 0.161218, 61564.8, 183873
48300, 0.154957, 61540.1, 183832
48400, 0.154955, 61637.5, 184102
48500, 0.155509, 61856.2, 184754
48600, 0.163122, 61857.2, 184744
48700, 0.158355, 62147.6, 185619
48800, 0.157782, 62164.2, 185651
48900, 0.156957, 62383.6, 186336
49000, 0.156626, 62576.1, 186935
49100, 0.158151, 62543.6, 186831
49200, 0.157476, 62672.4, 187130
49300, 0.158792, 62916.3, 187939
49400, 0.157308, 63040.2, 188289
49500, 0.157925, 62972.1, 188076
49600, 0.15877, 63304, 189069
49700, 0.159225, 63327.9, 189137
49800, 0.15944, 63649.9, 190147
49900, 0.15949, 63645.5, 190131
50000, 0.159924, 63708.8, 190285
