1000 19
2000 19
3000 17
4000 23
5000 19
6000 25
7000 23
8000 21
9000 21
10000 21
11000 27
12000 27
13000 25
14000 25
15000 27
16000 27
17000 23
18000 23
19000 23
20000 23
21000 29
22000 29
23000 29
24000 23
25000 27
26000 25
27000 27
28000 27
29000 29
30000 29
31000 27
32000 25
33000 25
34000 25
35000 25
36000 25
37000 25
38000 25
39000 25
40000 25
41000 31
42000 25
43000 27
44000 31
45000 31
46000 25
47000 31
48000 25
49000 31
50000 27
51000 27
52000 29
53000 29
54000 27
55000 29
56000 27
57000 27
58000 31
59000 31
60000 31
61000 31
62000 31
63000 31
64000 31
65000 27
66000 27
67000 27
68000 27
69000 27
70000 27
71000 27
72000 27
73000 27
74000 27
75000 27
76000 27
77000 27
78000 27
79000 27
80000 27
81000 27
82000 33
83000 33
84000 33
85000 33
86000 31
87000 27
88000 31
89000 33
90000 33
91000 27
92000 31
93000 33
94000 33
95000 33
96000 33
97000 33
98000 31
99000 31
100000 31
